"t0" <- 0.0
"T" <- 10
"u0" <- structure(c(1,1
), .Dim=c(2))
"internal_var___u" <- structure(c(2.779054605309138,6.778226834621869,0.969928204421095,1.8775319711752045,6.102724960337366,1.3959673533896693,1.3523681606840845,4.345450735919593,3.2488871997444613,1.0323796906171987,0.2576973654771214,2.003839694741031,1.9103690937840316,0.3353640329137241,0.6241961273241087,3.4663236262052175,0.5020531895492124,0.3131651439875846,4.5412428223064865,0.9083277117867917
), .Dim=c(10, 2))
"ts" <- structure(c(1,2,3,4,5,6,7,8,9,10
), .Dim=c(10))
