"t0" <- 0.0
"T" <- 10
"u0" <- structure(c(1,1
), .Dim=c(2))
"internal_var___u" <- structure(c(1.830456472983482,6.608522595396789,1.6608322630898866,2.248457339021315,6.810647657953212,2.067218368559912,1.5320886238235012,4.556768282782875,3.2982745971949545,1.175502487988472,0.1780624214743963,2.862177589120783,2.645517966922262,0.7803532400183282,0.08305817586031694,3.862027595950172,-0.1266381913058906,0.7143198230279326,5.172837166346845,1.0392606628960328
), .Dim=c(10, 2))
"ts" <- structure(c(1,2,3,4,5,6,7,8,9,10
), .Dim=c(10))
